3431947906
3435047053
743411482
1748539468
487956308
1897286987
2941342612
559002021
4224080119
734835707
197273954
2468842677
882024525
1945972736
1784022334
4106459270
2108716687
525617375
1605606648
2847790894
2019282626
837963363
2147245564
2084002941
1622033281
3004746286
3791044352
4106364267
3180115676
1102269847
674663287
3529174203
1987354877
2936359112
3314889478
491625852
1923812269
1745545730
2619122759
438059437
3608985497
1561870894
4276664448
3605087228
759769811
175805850
1106691646
3206028902
642023820
2027818102
2470611742
2248436686
1690853488
1879889523
2996478290
815977290
868180943
656107948
267869147
1963293245
2450805916
142394175
2473987442
164947934
818070633
1639307662
2315971916
600036669
1978624111
2226800606
1149099582
150363523
2878199840
28564708
1069768595
3524502763
2002543148
2552916896
2124292335
3941607534
273575312
1652321966
445838906
3471250960
2827288642
421905540
2534907806
4167684204
2397182622
2072392838
532933549
880354358
251815273
910422910
1303313000
3465924665
3872097392
1593582866
2443120541
2113823435
2236356888
3414974415
1321623893
3749479491
2976691353
3624889254
2584580731
538848538
1377756996
1345464287
2381347547
3619695182
2209997386
1106201586
3132795130
454457896
1580273697
4204054875
340559876
751116002
1815753902
2136202969
2509729597
1986958245
659969192
1437035369
2710107788
1417415968
1859427916
1588689026
1166084626
4239160851
1068223396
2637328811
3018358056
904479438
2879459030
3305830027
3768629158
1020632332
1644104822
2386560398
1354882102
60955445
1482158519
1783173735
1220483781
3608807926
1387585124
3867107800
1120467898
3930929605
3821162655
2481810071
3914149064
3595919074
3433899238
1846267710
3932986824
1130464610
175270916
3115003997
733941293
2233706768
4030460688
1164915644
3221529648
3302178897
939520413
4031420955
3258767487
2136049702
2230881932
805422872
347778633
1862693104
2182885372
4220923309
4199662908
2620566695
4251133684
2919280490
3327910172
4118788128
1292671677
355592080
297639249
3773458202
757551838
685956448
445807655
4156580652
2400600382
2701522534
3874359746
3709673225
2709261975
896607936
613215380
2597860219
173324576
862848152
2354237862
447293493
3395120034
2181701366
4215504284
182864740
3001024129
3975215302
2397071218
3284314325
1305490585
589633080
3181940713
652919203
2769110860
2977756798
3654751559
1417869304
1170450950
552417959
1888138779
4017185503
2792786442
2445919153
2655607470
377799712
1309730592
208471322
890010845
3899110230
3751999056
2893965924
1198097757
2407647548
1650745231
3677135845
2773790189
768321209
2055859415
2776024222
3242358764
2018096723
2667434834
3060245049
104121865
1077970707
1157310210
594908911
2762996059
722610105
2470656299
2023899160
613044552
3134170425
2206000045
4263561481
120769449
2529121738
4240659177
1163464038
4199160988
2195836528
3739086599
77262265
2089927887
3305693099
21482101
4180400209
3323367777
2473448700
398082213
2859934002
2222556506
780237139
885532998
234801014
1998443070
1712645875
2744486230
1163346217
53790096
3948380723
2032933083
3168255424
647796375
1032567472
292447262
1616156648
2811509052
918980037
699697594
2834377371
971212042
1629410507
3413821448
3708528533
2530426441
3528900164
3059330539
4285861689
2362576496
1855027006
1319401381
3393603117
1392446188
3354965149
4228184360
119070648
2165696559
3188904647
1828871330
4099404489
1272196622
212117892
2870529166
3819170954
1483641331
3225825211
3013140739
1487015231
968480285
1815380896
1952402816
537882007
2046853737
603946671
1232465914
1708155487
1525507282
949789385
880755147
1418703592
4170093473
1974369628
4205947806
931365791
3120057479
3178652371
1420522213
1678654558
3543146012
3465362117
1398827983
2636987555
1838251551
134568438
3292710155
10388538
3542887158
2552952879
583011512
1236582259
353155998
3449319041
3377330693
3080798563
1847638533
1432678421
2812313958
1175408288
1421357293
101879391
2901537747
3287320662
2378040395
3957266640
275155698
3861768110
31019650
1521086342
2356844906
899772129
399841599
715574150
2300067789
1390071581
1813265057
2202898209
1738504405
2553679479
1725993963
3877960965
1745373607
1185922585
2633241423
3441589281
3596989234
1618715987
2397579355
4152539370
3010116613
2041028720
949301796
1156469964
1082518807
1506345732
1285440976
10813314
1976235304
1184101247
662564641
3383349197
4199738181
1081672664
1615087865
3258488532
3433933317
1145825427
309007327
1913237815
3250657056
2273947890
2204282649
113078137
3239133392
3362635509
2312570028
1091875245
856571293
1661018019
1583260921
3539595961
2038053166
4121110049
3180240082
2894696664
1288252849
1184372942
4122917838
2049589005
2226896104
2550032923
219795429
2823538551
3289164677
2130199643
3088118562
1760092952
3857773309
2387266154
939252937
3224995320
3763948251
3914040602
2767828014
3724254992
1830865820
4265428757
2368095034
3982824154
2834357733
3670584355
651811621
2853423771
3143148635
1436673522
1257094877
1543137414
3418283411
295307061
2129493739
4148082707
665176493
1284831813
2824488651
4041836490
3255066498
2004046968
2725710406
616730873
2909600119
2046954134
1363816702
4260008404
1440252348
4161489451
3095540492
580535261
920322829
2179695184
3315509888
152763911
2375850026
3450026918
4028790637
1732151626
1961220705
983182101
2163091913
4281487202
1830081965
58769885
1826024448
2608865739
1754844407
1371839220
2446658713
947954682
3003204901
4010849815
3281483070
2334447462
684453826
4081266235
1174710873
3132333118
4021496868
3435843295
926805687
3615634306
2947896347
2750473856
1530370832
2733385850
3683388139
16365539
4139536577
3895303411
768210026
2077426888
1913332941
3301146372
3478583349
442127293
1435938507
2310951788
967680549
818011889
1759548606
882530597
2288392634
561970770
674029576
832240094
3129007950
2353049786
3500150705
4221477978
3450571216
782967960
221786372
1745757576
995166519
1418421644
1063635889
1147584440
3786356848
3532021536
891822513
316489470
357968799
3566326317
877964711
2648946615
2310104477
89158812
1941823197
3299165998
3830878414
4289083081
379471030
521510386
970653511
2692196254
3289249372
571419871
889277877
2320211502
3360325577
1909497360
541543481
4055962617
2759139046
4069686130
40948748
114972404
3432705590
3134240152
538941065
2333418030
3310241094
2973168917
2635610431
3721203744
2263668548
2626646406
625906681
285787201
966586529
1452863429
661464277
4245643502
860333191
1026804460
3382932411
1566329457
1448218488
3760033894
272520366
2413086363
4159835672
1880880384
3653614077
2982149760
2207575895
3518893416
309569857
2351753068
149720716
3197435986
3447106749
79763821
3665426939
1302036568
2407746704
607571096
1226046218
4163282515
2977354885
388919222
2176883098
3431042179
1596183403
2358941772
771589925
1043618953
16903483
2826239592
3229963060
916401893
3141472196
36959815
3818794874
3898536962
3976938189
788966628
2849006729
224645897
2539379080
1631541277
3450543459
1860331104
1742772631
4003085374
2326314672
849408495
3208508289
687323079
535306432
1710590520
1122954305
1941372338
740138482
1808913987
1915373359
1664676680
3613946336
4090999818
2944934529
3503471309
1994422280
1170856952
2825547971
675159226
2659976366
3709911010
2437925644
1843502203
2478095052
2571775994
1242903968
2022260208
3117768459
1421014065
1286534219
3604772440
1526468659
3350828430
1410190922
1432087976
892453439
2746397700
1400610109
995723059
2084814700
2120838619
697737842
1187712862
3275441422
3636512931
4216177001
796449785
3036405434
716430508
1978201055
435676374
1221040736
3404935941
1055616204
1026190293
2051968093
3546959455
3466429167
2798382191
3012188236
3908511149
2215834124
2419129221
1732483205
2654299948
1758410436
1290389551
3362671097
729564017
3243535864
3514972717
1312684174
3567534872
3291136539
290744783
299186393
1862677630
2562570234
3860790203
341403375
672648973
4013357366
840173310
3954732283
583566056
1613164514
109367535
263629507
2268746036
1854554362
4097271216
145512432
3356544505
3831439598
136247599
810886386
229571703
2519652743
4007525896
1921386054
4221399873
3948564187
4071525627
1158566147
1793106964
2988539781
669236429
1597811440
2252027873
4163606466
3500263371
3812798215
1658887830
1467918319
4091790318
4166418945
717256522
2702020254
186030289
3650506295
440690175
1233264322
1091642895
3754846215
1260301664
1223599385
368356575
2374930920
2848225297
4262405426
1334076582
2701680878
262879972
1980128639
144021195
4091139661
3943844453
3918123530
2866251310
408883143
3444961684
529419463
349060684
3019714095
3508560723
1946669878
1112265926
582098255
1113748866
2526301835
4158718985
996784281
2200521252
3890117970
653329512
3388796310
3717132689
1948703151
1300146918
2623993879
803409157
2251476644
589433783
684689725
3839950057
2496236471
307762280
175545410
3861423901
2879697272
2365478941
3091638147
4201171672
2235880289
4197933653
3653559307
3992023945
3011935081
3783771804
870124790
3660791607
124107389
3043102568
1700909263
2960912659
90649055
2294853201
1029364432
2786972624
2426167683
2301490549
3354040372
157686274
2397166897
498292178
2519524502
1568282857
3531721882
2303581043
1985474082
4193162891
1287881108
2731729516
763148611
4039379273
1280255583
3088503229
638145805
2578880633
495597957
233582552
2331644339
3511594869
2426513797
398078701
1829829086
927668651
3686015252
2907133247
3153219375
2968326820
1166730488
1000924722
3401057573
2307179851
882382461
4238477206
910405246
839235768
659405841
2301975222
1846737767
515799256
3842445642
3806595453
448301976
1924809181
1790865213
1282018993
3124307343
1335481259
3363676925
4167410028
3309891144
3367093000
3938965344
357577173
2117702752
3657692538
825229996
500619742
457322408
2287410835
455876977
2135658736
2816957722
3301137464
1204123866
4078426645
49986015
3991868639
3790249925
4032741196
3511860855
1428142617
3922046423
3549634280
3112607535
638192094
2165224070
3163913225
1906238947
158907698
3305159165
2513530018
2968215680
1134219613
798936357
830001464
1084708471
3881143075
2416559963
3032258154
3897126674
1891824935
3802546324
2083417102
2219929593
2624421614
1168392694
2126905435
1735055517
3008737921
2780270691
2696981630
480898553
63796018
415750407
2668516980
3990842900
60829018
3345393087
1777911479
1424874016
446436212
2259238573
2397375603
3255042822
251176116
1470831075
2793084584
1365306143
3429273310
2853519360
1086152778
2050921488
3206859150
3837151748
2469217055
1385785784
2321849231
1002149797
1621979970
376426528
1629447349
1018809425
2739812296
3545737075
3498262863
2918538842
3254629861
2674190053
1957732377
1992669248
4168535142
515477499
3348755288
3349379969
2998072040
1897863039
3991367271
89800754
3872978204
4145687809
3857768412
1064254457
3659434449
1873880099
765023897
3993293500
4265507381
509645737
2393047491
