359456910
2798772784
3361882139
2353882443
1013363225
2929264235
1154484577
4202526847
4213500422
2867281844
4012031676
2790865414
2720984010
2510624833
3809034743
2916043244
3668941109
413963217
3490193914
1389787073
434971414
209192945
2621577202
154873132
4283299587
1947946357
2869532239
2714201935
3388703320
2410352256
554978845
2988504246
981090125
3488059652
2233922311
864152100
3597190534
366231466
3590840826
1831741478
2910665299
1289533000
2561585922
2534693061
2643603107
3498209920
1150648521
1696041839
457050898
2446909884
806080043
1881133900
3300186263
2875523012
2802898122
212896718
2766266474
2238803868
3101016189
462840336
760559290
4223949851
2024244024
2430086232
1061140689
3432670371
2177290276
596493669
4278466133
1075576050
3476145456
90202523
590586738
3169112924
4150739835
4262310687
1168151080
2874311322
2604031066
1192998020
15639649
1480533072
706362186
3273323411
812874183
3057482274
912254302
2491172004
2180092112
3465735557
4150429332
1371208908
3393978493
36908764
2600155176
1110875191
2813765903
544831684
3814593012
225487300
290232800
3429614552
906208208
222945132
3794584574
808772663
989339566
414557736
577696272
2042432710
3700537940
2427631769
866030185
3685454464
2525170141
10654241
238416146
3001731641
2652791311
430624544
1234374631
630227408
2163866533
1311606787
446653749
823032585
864789502
3111927940
486006386
282670
3392893166
553303389
2641754197
1838572586
2206064835
3554046289
2725751375
2968673232
2324489364
3587415291
1876513917
4018932758
2949749041
34151946
415339310
2116848124
226275541
4155371942
2059122730
3126927445
1393697632
4173017919
1162810993
1471009681
1445931710
3698250562
3335821409
4006265645
1665677114
3494377549
3330781866
714060451
1202464014
2730300808
26125390
1978062701
1315913192
2476689697
768728060
3278128587
813499525
2370859667
3813159250
1226997635
3700523434
2016561400
344415662
426681559
1936746381
2411655661
1642880172
2773261200
4058943855
1538224462
89889325
3051234658
1597630139
507010764
2849723324
3057319722
3525751653
2366126400
3459249744
743975522
194749416
2201296763
999787990
2408067264
3147756808
3267835255
2840669987
437528153
1161195510
2446694866
2132204549
911468430
518150463
3984058493
527452257
3656386751
3289849164
3496959219
1171587179
1591362151
3292761260
253533863
97396899
3684643086
2321749489
4084560511
4201455778
2437987422
1572657491
340629784
1253547855
2459590624
4120926515
776898672
392039888
174633698
2594923512
743901906
1822992084
1982941005
2244070401
880276993
2621560858
1327217883
681104379
1846737800
488604697
1577486391
1862654295
1371880256
587547350
3769051225
2955762543
1935044399
1758060214
821678105
1436834276
227435432
4271598069
3876947143
2787421985
1272073953
1136890662
89011541
3212468295
2637022782
2561183147
2863172997
3625349417
3495435312
2819673663
2335812692
1759318701
2610047689
128438316
1239937373
1313693147
1530899232
1696890285
3097801797
3953944883
3083695286
841792379
221426330
928660074
1929317953
4124810394
1331390590
1757647828
1301991304
2568188445
491101973
2051694726
4245540555
3729070209
3623207755
2618164261
3453732448
400818571
1836082753
1454810429
3225010837
4110994080
1741368654
1312777119
3956704665
1473428811
251687862
799068845
2337825463
1725359920
4230479656
2073896937
862806905
2135135224
2863544742
3737330187
3938579978
1411079498
3388100851
4267856293
1048828494
4237110731
2142784369
2887537498
3902213185
721039630
4154665731
3399700002
3482103217
493794604
2996914665
3893928135
2080892455
2561379974
3323755867
2135951744
2993086640
2691311240
1943129717
167126074
1666273986
1747975814
1746000473
939568500
2557038531
2210371179
1596658834
2324693902
3604044094
1126834021
403791814
1322860658
3157348409
1357995874
414809964
3720903686
2605871458
2058690685
166136608
4176253761
974407267
3923222255
1531186858
2293587874
1264635458
129779158
1876855029
1724810549
2070396449
416863856
1087125531
1042826364
3797695183
3317228013
3911223503
4279996083
1467519861
3889442366
543701463
3440084414
171931488
2125702185
1290184562
2568865206
348764419
1590744599
3327170526
1103924459
3663797411
3344239481
2709066980
4284446678
621961092
2998924885
3269164431
3386490
3257270820
1311957429
1384996439
3518995572
1678811372
1907230122
2457385415
759396231
902135198
3567838213
3442221617
1680799236
3878372627
2124757047
3990169638
1390953870
292338914
1491553498
2666977508
4171577393
2881866720
1166120252
2481191759
2110245962
228000717
1345614458
286324135
4213595349
656438763
440214917
1865843363
1395990354
3946561693
4130146345
2988995613
702202696
1204586929
161651532
61731593
73216015
3922502913
3506163031
2206090783
1007549409
3980579193
1524167471
3541770065
2933752329
3439920551
1510997081
353721851
1810249582
209689739
37678332
729900716
3989325254
1265506494
2269777090
479713995
504884396
2478944461
516949505
3692365865
3742548609
1863746848
1240040921
1392621424
3625923943
3905588734
2547464644
1830795219
3881229825
2924144906
2651965279
2041901154
278967422
3284245065
3784344493
3444453567
1617131379
3744405141
2185798923
1272463775
1050381610
2833497109
860817157
2790659218
4232624368
2173658683
3293455231
68791951
146971403
802753946
3273858895
3114224234
1251369571
1569874126
553560427
1336263618
207814060
691920039
3347565459
3762497993
707995124
2671629554
2446541379
3404762958
3091036802
4207613876
2676403946
19051303
3213453316
3283978560
539210058
2538705839
27264669
789013156
2837701293
2075339478
3285537250
1422755798
1657900141
953990563
1115277559
394640836
2811287194
356175707
3605049171
2724164630
3614432632
3034163224
3129472597
3454269971
3868830499
2890529149
4288940302
2923118540
4053384845
256362633
1015343074
2942700574
2992281324
4033590095
1178605966
3947798006
653815886
918889206
3253656795
1422101953
2316062972
40488533
1338835716
437481106
2414066482
3895814512
3866244189
3217113089
1877235649
1184672943
2989326411
1186515577
2702144962
3109376313
2101176448
3582792278
2403000085
1339734617
178476081
1687011395
1279004193
1928418173
1262827890
1628104615
2185048664
2863803395
158681306
2913289549
2760908459
1340116009
2463490171
4119360982
2641084847
1318335232
3598628922
776398918
2592370113
4038364607
1097399038
2564139333
2455693531
2817540185
1352516388
4158643288
2261750834
4252249302
1697956993
1228394547
3574389963
2619796385
1796180488
3549831887
3996576808
1171082193
2052369610
377421484
4240987481
973259624
798079423
208463980
3175431004
1610121003
1404818309
279415648
3635710757
1943139949
4002573443
3276406082
1624876402
3666749033
3592560712
3611706109
4230234961
4253382582
1023434735
3913889457
1014062782
3816044749
3923309979
437660654
840634171
745840229
1219778201
2391139050
1775225670
2219778485
1867481257
1946619780
722430623
230809489
4031739272
3241223191
1405447950
985584540
4184431802
2368785765
119063115
4116976003
2648510217
3149534199
3243601333
4036789060
2121422078
2841403272
1996789022
1363402349
2067992170
1262888589
2104486278
2343722121
3292565400
1674530145
3322290768
1271418294
229326249
702233702
2225910509
1288857909
1064169519
2892121083
1740074837
3253519643
1891548732
1213521280
2943498802
4004891432
2915891392
1749603562
677387648
1372652904
1593542422
3979563866
1817333302
2533819260
2592055752
2794736523
3544363865
538175597
4275223202
2572378689
1450975564
2565653670
259561434
2918775419
3830425376
98451925
1903453127
1553159521
4057113022
423844556
826711009
2774766972
776187354
618710246
3019850200
592046970
3673303369
1689489956
3356766911
2252162654
4028937605
3021012783
3579580533
3171016796
2689481721
2165580865
3055343471
3000304631
1205255906
2438752775
2676753705
4195122461
3226672778
3552831019
1339876520
3128437900
1121426552
2587909716
2698527921
2710053462
496281175
2728287736
1292649576
1973810088
2982305344
3142470629
879267196
2636442751
365594986
3625617465
2862643799
414440674
114951125
2461044773
2520416159
3774323739
2112504193
2392135404
2774047176
2052693496
1966184555
2175251925
2495145275
2347231156
2503662524
132820954
271129746
1154739375
293867916
3842953878
3571296824
1388954709
573145076
3072908031
580580420
4267377645
1526428478
2802419568
1797151971
2966419682
3047194219
4156893437
160338832
2757964718
2160379397
411642599
2272220589
3598887744
4273454101
798361967
969431154
1778787121
1651168289
624157334
1967180518
4019954152
4017843035
3222863923
3825014716
1616662553
2713691126
3991432150
4073302143
1057183772
3558781340
1200300490
1442607731
2919074538
2293781498
3660382649
962169396
201247067
2288895505
626013830
1402736518
2683859120
2888380583
3448709785
308205719
3771193873
1799032243
1528854101
3904202912
4052223088
3519668883
1592098718
3553502645
4167651113
3758946831
2531889289
1004846165
564594210
3976721651
1621768927
3653823943
1249742879
4156524576
3519735005
661736661
3549863840
204565937
292352818
1851023959
2713753688
3954435741
2069997709
2155206933
1371272062
3578836500
2983767165
784110742
971987617
2245618812
2726408887
238289756
1168591379
810217537
2786986848
2301961209
2215165660
3921514901
711759378
2910831333
4048176884
2332548606
1740411362
1167445858
1934088862
2325711892
414909146
1693428714
2747713347
519946324
2014672591
257116297
2919837352
4031841158
3558136150
2834950121
345321611
3791991017
3340660293
1343205102
529906919
2837976195
3703311039
3767749898
2944105459
3232368081
2182930169
566079768
1682022455
1487563412
2867129704
3732352844
1212736227
3598824905
3877920629
4120111888
2529444456
3483429036
2215984950
1569601327
4128819674
190592811
983248663
2957374923
3513697301
878738563
1173368347
1180610114
3779221161
3648212770
2726148681
3014036147
1022075563
1600272500
368720898
489747167
1846115882
2018494284
2489771263
1474113763
3387172963
3521490167
3943999370
2204030840
1871613856
1897972541
1101898846
1374013293
3356126921
1068664864
3093385243
3727514730
3248812538
2900908247
1504677614
2788245559
1221264044
994855555
4052877869
2334695942
1919785970
3815035931
1159108072
1657805213
1569891564
686501131
3825671790
4270943467
2994784461
3636370721
1749921068
1625307352
2560257925
2017329968
3008609436
1556840828
2959537870
3110024113
3121526917
3470520138
3580636339
1337392398
2465846693
2716406243
4185076009
1973259970
1290809568
393127766
3003438100
424565303
2467476819
1924023919
4129067166
3856871865
4183710259
1897678047
3380403100
333521403
3423934612
2415021559
265622769
69675220
3330724106
2287236217
3719411092
2339062453
2224027211
848545384
25332647
1312700508
2945082374
2186307043
1399066677
4248422404
1125935384
165596903
3494550054
3805114241
2828037119
404027400
1705167810
2810716239
3551764591
1350329776
1166766453
1595756615
1470927725
2112577581
741856154
517730232
112663534
1553959019
533031650
3786868334
773987507
3678209865
22499011
